1:45

5.220	577 pm 3
5.064	579 pm 3
4.828	597 pm 7
4.630	582 pm 3
4.372	626 pm 10
4.093	603 pm 7
3.792	601 pm 7
3.473	613 pm 3
3.197	618 pm 7
2.876	635 pm 7
2.666	641 pm 3
2.393	631 pm 3
2.077	638 pm 3
1.787	645 pm 2
1.513	652 pm 2
1.220	656 pm 2
0.899	662 pm 1
0.583	665 pm 1

2:28

5.223	0.581 pm 1
4.965	0.584 pm 2
4.652	0.592 pm 4
4.368	0.595 pm 5
4.114	0.597 pm 5
3.801	0.602 pm 1
3.435	0.608 pm 2
3.103	0.617 pm 2
2.743	0.624 pm 1
2.398	0.632 pm 1
2.092	0.640 pm 1
1.787	0.648 pm 2
1.445	0.654 pm 1
1.184	0.657 pm 1
0.912	0.661 pm 1
0.533	0.662 pm 1
0.318	0.664 pm 1
0.000	0.665 pm 1

5:04

0	660 pm 3
10	634 pm 5
20	612 pm 5
30	597 pm 3
40	589 pm 3
50	593 pm 3
60	600 pm 5
70	617 pm 3
80	641 pm 2
90	658 pm 3
100	664 pm 3
110	665 pm 5
120	677 pm 3
130	670 pm 3
140	664 pm 3
150	672 pm 3
160	664 pm 1
170	674 pm 3
180	658 pm 3
190	637 pm 3
200	612 pm 3
210	596 pm 5
220	617 pm 5
230	596 pm 5
240	619 pm 5
250	622 pm 3
260	642 pm 5
270	657 pm 3
280	661 pm 2
290	662 pm 3
300	663 pm 2
310	675 pm 3
320	664 pm 3
330	664 pm 2
340	680 pm 5
350	665 pm 2

8:00

0
10
20
30
40
50
60
70
80
90	603 pm 3
100	602 pm 3
110	607 pm 3
120	603 pm 1
130	607 pm 2
140	602 pm 2
150	600 pm 1
160	611 pm 5
170	
180
190
200
210
220
230
240
250
260
270
280
290
300
310
320
330
340
350





